H 0 0 -0.06771682
H 0 1 0.9420862
H 0 2 -0.49586442
H 0 3 -0.30461106
H 0 4 -0.10892417
H 0 5 0.6095477
H 0 6 0.070188634
H 0 7 -0.11358281
H 0 8 -0.875759
H 0 9 0.8732682
H 0 10 0.72378933
H 0 11 0.46756855
H 0 12 0.8033909
H 0 13 0.2479764
H 0 14 0.5282168
H 0 15 -0.037518192
H 0 16 9.77529E-4
H 0 17 0.38809705
H 0 18 -0.91736525
H 0 19 -0.13318412
H 1 0 0.40676892
H 1 1 -0.6267413
H 1 2 -0.72415
H 1 3 -0.7097386
H 1 4 0.1634002
H 1 5 -0.6743404
H 1 6 0.4407921
H 1 7 -0.48105887
H 1 8 -0.46092373
H 1 9 0.038795196
H 1 10 -0.21107571
H 1 11 0.5966497
H 1 12 0.8058969
H 1 13 0.58806837
H 1 14 -0.43956074
H 1 15 0.47064725
H 1 16 0.655163
H 1 17 -0.002683469
H 1 18 0.1952311
H 1 19 -0.49251163
H 2 0 -0.24358492
H 2 1 -0.04869144
H 2 2 0.011277646
H 2 3 -0.74336725
H 2 4 0.654845
H 2 5 -0.7272229
H 2 6 -0.62879336
H 2 7 0.2243496
H 2 8 0.10211231
H 2 9 -0.57643056
H 2 10 0.124460414
H 2 11 -0.8823055
H 2 12 -0.87151164
H 2 13 0.64301515
H 2 14 -0.76838565
H 2 15 -0.47189924
H 2 16 -0.3103597
H 2 17 -0.49737617
H 2 18 0.9090447
H 2 19 -0.6536047
H 3 0 0.55925906
H 3 1 0.6347425
H 3 2 0.37628263
H 3 3 -0.6641859
H 3 4 -0.7108745
H 3 5 0.18381813
H 3 6 0.345031
H 3 7 0.23685619
H 3 8 -0.47890028
H 3 9 0.13242523
H 3 10 0.7579616
H 3 11 0.53758365
H 3 12 -0.28909165
H 3 13 -0.9297649
H 3 14 0.96705186
H 3 15 -0.38476193
H 3 16 0.411497
H 3 17 0.20261891
H 3 18 -0.46464074
H 3 19 -0.6601885
H 4 0 0.6641037
H 4 1 -0.5634084
H 4 2 0.15277272
H 4 3 -0.57252604
H 4 4 -0.24189888
H 4 5 -0.76467973
H 4 6 0.7754223
H 4 7 -0.15847333
H 4 8 0.64604545
H 4 9 -0.40156496
H 4 10 -0.9699333
H 4 11 -0.6391853
H 4 12 -0.3617394
H 4 13 0.0038981047
H 4 14 0.16892123
H 4 15 -0.9297014
H 4 16 -0.34832308
H 4 17 -0.5618007
H 4 18 0.41702682
H 4 19 0.97575086
H 5 0 -0.7494656
H 5 1 -0.2548345
H 5 2 0.42340446
H 5 3 -0.79569227
H 5 4 0.99195045
H 5 5 0.43968382
H 5 6 0.7088771
H 5 7 0.32487297
H 5 8 0.1772442
H 5 9 0.86115646
H 5 10 -0.50241697
H 5 11 0.20713612
H 5 12 -0.989702
H 5 13 0.08251858
H 5 14 -0.8741538
H 5 15 -0.4647674
H 5 16 -0.6228707
H 5 17 0.34416896
H 5 18 0.34120783
H 5 19 0.6018398
H 6 0 -0.013764288
H 6 1 -0.051824246
H 6 2 0.23606499
H 6 3 0.33076718
H 6 4 0.44716644
H 6 5 0.52663726
H 6 6 -0.6954965
H 6 7 0.6108664
H 6 8 0.015164766
H 6 9 -0.61090696
H 6 10 0.1675511
H 6 11 0.97135067
H 6 12 0.19261687
H 6 13 0.25739554
H 6 14 0.8812196
H 6 15 0.38837978
H 6 16 0.15343088
H 6 17 -0.8875312
H 6 18 -0.5766568
H 6 19 0.58503264
H 7 0 0.04436431
H 7 1 0.105895884
H 7 2 0.94936293
H 7 3 0.571554
H 7 4 -0.3822949
H 7 5 -0.46970692
H 7 6 -0.28615347
H 7 7 -0.6299715
H 7 8 0.36260444
H 7 9 -0.3040571
H 7 10 -0.8263271
H 7 11 0.87740034
H 7 12 0.32774878
H 7 13 -0.7728236
H 7 14 0.72045386
H 7 15 -0.35697702
H 7 16 0.16595022
H 7 17 -0.22949278
H 7 18 -0.2660975
H 7 19 0.9716882
H 8 0 0.58162415
H 8 1 -0.6024611
H 8 2 -0.79549766
H 8 3 -0.78965014
H 8 4 -0.6749858
H 8 5 0.08918067
H 8 6 0.042967573
H 8 7 0.3365238
H 8 8 0.15241435
H 8 9 0.60372216
H 8 10 -0.6243697
H 8 11 -0.96139014
H 8 12 0.759531
H 8 13 0.75983566
H 8 14 -0.38097352
H 8 15 0.36314842
H 8 16 -0.40448576
H 8 17 0.70658654
H 8 18 -0.06640385
H 8 19 -0.29871023
H 9 0 0.67808294
H 9 1 -0.8939488
H 9 2 -0.22444668
H 9 3 0.39651883
H 9 4 -0.94444454
H 9 5 -0.67984366
H 9 6 -0.30237913
H 9 7 -0.42205492
H 9 8 -0.6005103
H 9 9 0.6718678
H 9 10 -0.70653343
H 9 11 -0.041767694
H 9 12 0.36202723
H 9 13 0.64187545
H 9 14 0.23731841
H 9 15 0.2825081
H 9 16 -0.20507401
H 9 17 -0.5345661
H 9 18 -0.2606243
H 9 19 -0.12564062
O 0 0 0.7026566
O 0 1 -0.98996454
O 0 2 0.4192749
O 0 3 -0.70271456
O 0 4 0.88982975
O 0 5 -0.9568929
O 0 6 0.59400904
O 0 7 -0.46525428
O 0 8 0.66360945
O 0 9 0.039939586
O 1 0 0.28334
O 1 1 0.28920543
O 1 2 0.6646619
O 1 3 0.53557104
O 1 4 0.8548842
O 1 5 0.010346568
O 1 6 -0.07442471
O 1 7 0.6903642
O 1 8 0.1626924
O 1 9 0.08487985
O 2 0 0.59358186
O 2 1 0.2175319
O 2 2 0.2772845
O 2 3 -0.7448442
O 2 4 0.4047989
O 2 5 0.11188051
O 2 6 -0.5382574
O 2 7 -0.21895868
O 2 8 0.9601006
O 2 9 -0.27744332
O 3 0 -0.08239662
O 3 1 0.11929235
O 3 2 -0.8718799
O 3 3 -0.37140033
O 3 4 0.005934832
O 3 5 -0.03308092
O 3 6 0.4887732
O 3 7 0.504615
O 3 8 0.14311963
O 3 9 0.39980617
